6 4 1 6 2 9 9
5 2 1 9 8 8 1
5 3 5 5 5 5 3
7 9 2 4 9 8 6
9 8 1 3 8 8 7
7 8 2 1 8 7 2
5 7 9 8 5 5 8
05 15 10 10 08 10 24
16 10 15 10 09 02 20
0 0 1 1 0 0 1
0 0 1 0 1 0 1
1 0 1 0 0 1 0
0 0 0 1 0 0 1
0 1 1 0 0 0 0
0 0 1 0 0 0 0
0 1 0 0 0 1 1
*
5 6 9 2 9 7 6
3 1 7 4 1 2 5
9 2 8 2 6 2 3
5 8 3 8 6 8 9
2 5 5 9 4 9 3
1 1 8 5 1 5 5
4 6 5 5 8 6 2
06 16 27 19 01 08 13
15 09 06 19 16 13 12
0 0 1 0 0 0 1
0 1 1 0 1 0 0
0 1 0 1 0 1 0
0 1 1 1 0 0 0
1 1 0 1 0 0 0
0 0 1 0 0 0 1
1 0 0 0 0 1 1
*
6 2 2 2 4 1 4
3 3 7 4 6 8 9
9 8 6 2 3 7 3
7 9 8 6 7 1 3
5 7 9 2 1 9 6
3 7 1 3 1 5 2
3 1 8 8 8 8 8
09 19 16 04 08 01 11
03 10 20 15 09 02 09
0 0 0 1 0 1 0
0 1 1 0 0 0 0
1 1 0 0 0 0 1
0 0 1 0 1 0 0
0 1 0 1 0 0 0
0 0 1 0 1 0 0
0 1 0 0 0 0 1
*
4 9 8 8 3 5 9
7 3 4 9 3 9 8
9 9 4 7 4 3 7
6 7 2 9 8 2 9
3 7 6 9 8 4 9
3 2 4 3 3 4 1
7 2 1 4 8 6 9
23 16 06 04 03 05 28
13 13 12 11 18 03 15
1 1 0 0 0 0 0
1 1 0 0 1 0 0
1 0 0 0 0 1 0
0 0 0 0 0 1 1
1 0 1 0 0 0 1
0 1 0 0 0 0 1
0 1 0 1 0 0 1
*