6 1 9 5 6 4
9 8 6 4 3 6
1 3 2 9 4 4
1 9 1 4 8 9
5 7 3 3 1 2
3 7 5 9 4 3
02 28 20 11 04 06
14 18 04 14 12 09
0 1 1 0 0 1
0 1 1 1 0 0
1 1 0 0 0 0
1 1 0 1 0 0
0 1 0 1 0 1
0 0 1 0 1 0
*
7 2 7 1 9 2
8 6 7 2 5 9
4 5 7 5 2 5
9 6 2 6 3 7
6 6 6 5 1 8
3 5 1 3 5 3
03 16 22 07 14 10
18 12 14 09 13 09
0 0 1 0 1 1
0 0 1 1 0 0
0 1 1 0 1 0
0 1 0 0 1 0
0 0 0 1 0 1
1 1 1 0 0 0
*
9 2 6 5 8 9
4 3 2 4 1 8
2 5 5 7 6 1
7 4 1 5 5 3
6 6 1 2 9 6
7 5 1 5 3 1
17 12 10 12 12 20
22 07 12 12 15 11
0 1 1 1 0 1
1 0 1 0 1 0
0 1 0 0 1 1
1 0 1 0 1 1
1 0 1 1 0 1
0 1 0 1 0 1
*
4 7 3 9 1 3
4 5 2 7 9 4
1 7 2 8 1 1
4 1 3 1 3 2
1 9 9 3 9 8
7 2 1 7 9 4
08 12 15 15 29 02
08 16 15 06 18 17
1 0 1 0 1 0
0 1 1 0 1 0
0 1 0 1 0 0
1 0 0 0 0 1
0 0 1 0 1 0
0 0 1 1 1 0
*